<?xml version="1.0" encoding="UTF-8" standalone="no"?>
<!DOCTYPE svg PUBLIC "-//W3C//DTD SVG 20010904//EN"
              "http://www.w3.org/TR/2001/REC-SVG-20010904/DTD/svg10.dtd">

<svg xmlns="http://www.w3.org/2000/svg"
     width="0.48in" height="0.823333in"
     viewBox="0 0 144 247">
  <path id="Selection"
        fill="none" stroke="black" stroke-width="1"
        d="M 0.00,0.00
           C 0.00,0.00 144.00,0.00 144.00,0.00
             144.00,0.00 144.00,247.00 144.00,247.00
             144.00,247.00 0.00,247.00 0.00,247.00
             0.00,247.00 0.00,0.00 0.00,0.00 Z
           M 143.00,37.00
           C 143.00,37.00 141.61,23.00 141.61,23.00
             140.74,18.98 134.85,7.03 131.67,4.60
             129.97,3.29 128.97,3.33 127.00,3.00
             127.00,3.00 129.83,15.00 129.83,15.00
             131.75,20.50 138.85,33.12 143.00,37.00 Z
           M 143.00,4.00
           C 132.25,4.88 138.48,11.59 143.00,16.00
             143.00,16.00 143.00,4.00 143.00,4.00 Z
           M 127.00,15.00
           C 120.07,17.94 99.67,25.87 95.00,30.00
             95.00,30.00 114.00,29.27 114.00,29.27
             114.00,29.27 124.00,22.00 124.00,22.00
             124.00,22.00 125.00,28.00 125.00,28.00
             125.00,28.00 133.00,29.00 133.00,29.00
             133.00,29.00 127.00,15.00 127.00,15.00 Z
           M 108.00,33.00
           C 100.76,33.00 88.44,32.14 82.17,35.57
             73.21,40.47 71.03,59.68 71.00,69.00
             77.36,68.10 84.65,66.45 89.91,62.64
             95.75,58.41 106.00,40.01 108.00,33.00 Z
           M 119.00,33.33
           C 108.97,35.84 105.42,47.20 99.96,55.00
             97.83,58.04 93.75,61.76 95.07,65.79
             96.05,68.79 100.37,70.44 103.00,71.75
             111.41,75.97 112.27,76.09 121.00,79.00
             124.17,80.06 127.62,81.62 131.00,80.85
             133.23,80.35 139.71,77.22 141.01,75.37
             142.17,73.70 141.99,70.96 142.00,69.00
             142.00,69.00 142.00,48.00 142.00,48.00
             141.99,46.38 142.09,43.84 141.43,42.37
             140.71,40.78 139.25,39.73 137.95,38.65
             131.50,33.23 127.28,32.41 119.00,33.33 Z
           M 72.00,126.00
           C 74.24,124.81 77.61,123.15 79.37,121.37
             86.58,114.09 91.18,95.11 93.19,85.00
             94.28,79.52 96.76,70.09 89.98,67.52
             87.12,66.44 84.58,68.03 82.00,69.14
             74.88,72.21 71.29,71.97 68.72,80.00
             65.72,89.41 63.20,104.42 66.04,114.00
             67.46,118.77 69.49,121.81 72.00,126.00 Z
           M 115.00,98.00
           C 115.71,95.31 117.97,86.55 117.23,84.21
             116.00,80.31 104.82,76.71 101.00,76.00
             101.00,76.00 105.73,84.00 105.73,84.00
             108.98,91.13 107.52,92.17 115.00,98.00 Z
           M 100.00,81.00
           C 97.98,84.13 98.05,85.33 98.00,89.00
             97.90,96.93 98.16,116.49 102.85,122.73
             104.99,125.57 111.59,128.03 115.00,129.00
             115.00,129.00 113.71,117.00 113.71,117.00
             113.71,117.00 113.71,107.00 113.71,107.00
             113.71,107.00 112.83,102.00 112.83,102.00
             112.83,102.00 100.00,81.00 100.00,81.00 Z
           M 118.00,106.00
           C 118.00,106.00 127.00,100.64 127.00,100.64
             132.17,98.29 140.37,99.02 141.52,91.98
             143.33,80.98 131.50,81.26 125.18,85.36
             118.12,89.95 118.00,98.58 118.00,106.00 Z
           M 140.00,118.00
           C 140.26,114.73 142.15,105.76 140.74,103.31
             138.75,99.86 132.94,101.27 130.00,102.48
             121.47,106.01 118.08,112.23 118.00,121.00
             131.35,117.96 125.03,118.00 140.00,118.00 Z
           M 65.19,114.00
           C 58.13,116.85 55.92,124.47 53.31,131.00
             53.31,131.00 42.77,167.00 42.77,167.00
             42.77,167.00 33.00,186.00 33.00,186.00
             40.65,181.79 41.72,175.11 46.34,168.00
             55.39,154.10 56.76,155.61 62.69,139.00
             63.49,136.76 65.04,133.19 65.19,131.00
             65.19,131.00 65.19,114.00 65.19,114.00 Z
           M 86.00,119.00
           C 86.00,119.00 85.00,119.00 85.00,119.00
             85.00,119.00 86.00,120.00 86.00,120.00
             86.00,120.00 86.00,119.00 86.00,119.00 Z
           M 85.00,120.00
           C 80.52,123.36 80.47,124.46 76.91,127.82
             70.54,133.83 67.04,134.45 64.00,144.00
             66.71,142.68 80.82,134.50 82.15,132.73
             84.50,129.61 84.92,123.80 85.00,120.00 Z
           M 126.10,122.43
           C 121.20,124.71 117.37,133.93 121.74,138.40
             123.39,140.10 128.42,140.32 131.00,141.04
             133.06,141.62 136.62,143.10 138.69,142.31
             141.99,141.04 141.65,127.88 139.98,125.30
             137.53,121.50 129.99,121.81 126.10,122.43 Z
           M 102.98,127.00
           C 102.98,127.00 102.98,147.00 102.98,147.00
             102.35,158.29 98.82,160.49 107.59,169.90
             110.41,172.92 115.80,177.39 119.20,172.81
             121.99,169.51 119.56,161.07 119.20,157.00
             117.05,142.81 121.20,129.98 102.98,127.00 Z
           M 79.00,139.00
           C 63.19,143.51 55.64,157.26 48.75,171.00
             46.30,175.90 43.51,180.72 42.00,186.00
             42.00,186.00 53.00,175.00 53.00,175.00
             53.00,175.00 46.00,190.00 46.00,190.00
             52.71,190.55 55.91,184.05 59.33,179.00
             62.77,173.91 76.85,152.47 78.30,148.00
             79.18,145.31 79.00,141.84 79.00,139.00 Z
           M 125.13,144.43
           C 121.22,146.46 121.92,148.90 122.01,153.00
             122.20,161.17 126.13,178.42 129.21,186.00
             130.53,189.26 134.17,196.48 138.71,195.12
             140.92,194.45 140.86,191.83 141.02,189.98
             141.02,189.98 142.00,177.00 142.00,177.00
             142.00,177.00 141.17,160.00 141.17,160.00
             140.12,149.57 137.64,142.54 125.13,144.43 Z
           M 100.00,168.00
           C 96.19,175.29 94.91,188.75 95.00,197.00
             95.00,197.00 96.00,212.00 96.00,212.00
             96.00,212.00 97.00,242.00 97.00,242.00
             97.00,242.00 103.00,242.00 103.00,242.00
             103.00,242.00 105.28,193.00 105.28,193.00
             105.28,193.00 106.17,183.00 106.17,183.00
             106.97,174.67 107.62,173.52 100.00,168.00 Z
           M 110.00,177.00
           C 108.93,179.68 107.88,188.16 108.22,191.00
             108.61,194.26 111.48,200.66 112.80,204.00
             112.80,204.00 122.31,227.00 122.31,227.00
             128.31,240.10 127.23,241.90 136.00,242.00
             133.57,224.74 117.41,194.47 110.00,177.00 Z
           M 117.00,183.00
           C 117.00,183.00 116.00,183.00 116.00,183.00
             116.00,183.00 117.00,184.00 117.00,184.00
             117.00,184.00 117.00,183.00 117.00,183.00 Z
           M 118.00,184.00
           C 117.06,188.70 119.60,193.73 121.43,198.00
             121.43,198.00 134.53,226.00 134.53,226.00
             136.62,231.49 136.01,236.89 139.00,242.00
             139.00,242.00 141.66,221.00 141.66,221.00
             141.66,221.00 141.04,214.00 141.04,214.00
             141.04,214.00 139.98,203.18 139.98,203.18
             139.98,203.18 130.00,195.24 130.00,195.24
             130.00,195.24 118.00,184.00 118.00,184.00 Z
           M 42.00,186.00
           C 42.00,186.00 41.00,186.00 41.00,186.00
             41.00,186.00 42.00,187.00 42.00,187.00
             42.00,187.00 42.00,186.00 42.00,186.00 Z
           M 36.00,189.00
           C 30.14,189.02 19.14,190.89 16.60,197.10
             15.70,199.30 16.00,207.20 16.00,210.00
             25.61,206.94 33.65,198.88 36.00,189.00 Z
           M 42.00,208.00
           C 42.00,208.00 44.04,199.00 44.04,199.00
             44.28,196.09 42.21,190.45 38.36,192.17
             35.47,193.46 30.16,203.85 29.00,207.00
             35.50,205.44 35.83,206.39 42.00,208.00 Z
           M 109.00,198.00
           C 106.44,202.41 107.22,205.11 106.58,210.00
             103.55,232.83 105.99,224.63 106.00,242.00
             106.00,242.00 126.00,242.00 126.00,242.00
             126.00,242.00 109.00,198.00 109.00,198.00 Z
           M 13.00,200.00
           C 8.19,202.09 6.36,202.80 3.00,207.00
             8.19,207.66 13.81,206.28 13.00,200.00 Z
           M 40.00,216.00
           C 39.94,214.31 40.09,212.01 38.98,210.60
             37.20,208.35 27.52,207.74 25.04,209.03
             23.05,210.06 22.30,211.33 21.00,213.00
             29.19,216.59 31.39,216.00 40.00,216.00 Z
           M 16.00,213.00
           C 9.37,213.35 6.35,221.30 5.00,227.00
             10.96,224.16 14.05,219.16 16.00,213.00 Z
           M 24.00,217.00
           C 24.00,217.00 21.00,216.00 21.00,216.00
             17.66,221.90 14.62,228.18 14.00,235.00
             18.65,232.01 22.17,222.25 24.00,217.00 Z
           M 32.00,219.00
           C 30.77,219.21 29.81,219.12 28.72,219.99
             26.12,222.06 25.15,231.67 25.00,235.00
             30.09,231.84 30.89,224.51 32.00,219.00 Z
           M 39.00,219.00
           C 39.00,219.00 35.00,219.00 35.00,219.00
             35.00,219.00 34.00,230.00 34.00,230.00
             38.24,227.34 38.12,223.65 39.00,219.00 Z" />
</svg>
