<?xml version="1.0" encoding="UTF-8" standalone="no"?>
<!DOCTYPE svg PUBLIC "-//W3C//DTD SVG 20010904//EN"
              "http://www.w3.org/TR/2001/REC-SVG-20010904/DTD/svg10.dtd">

<svg xmlns="http://www.w3.org/2000/svg"
     width="1.48in" height="2.40667in"
     viewBox="0 0 444 722">
  <path id="Selection"
        fill="none" stroke="black" stroke-width="1"
        d="M 52.00,12.11
           C 52.00,12.11 93.00,12.11 93.00,12.11
             93.00,12.11 168.00,12.11 168.00,12.11
             168.00,12.11 383.00,12.11 383.00,12.11
             408.05,12.30 427.96,30.55 428.00,56.00
             428.00,56.00 428.00,369.00 428.00,369.00
             428.00,369.00 428.00,403.00 428.00,403.00
             428.00,403.00 428.00,421.00 428.00,421.00
             427.79,438.97 415.77,454.47 399.00,460.45
             393.22,462.52 389.05,462.99 383.00,463.00
             383.00,463.00 252.00,463.00 252.00,463.00
             245.05,463.01 238.39,463.88 232.00,466.79
             227.13,469.01 222.98,471.55 219.01,475.17
             209.99,483.42 203.28,497.61 204.09,510.00
             204.44,515.37 207.69,527.25 209.13,533.00
             209.13,533.00 219.13,572.00 219.13,572.00
             219.13,572.00 225.29,596.00 225.29,596.00
             225.29,596.00 234.37,632.00 234.37,632.00
             239.86,653.68 247.65,673.17 231.53,693.00
             229.09,696.01 226.16,698.95 223.00,701.21
             219.74,703.55 214.80,705.96 211.00,707.30
             205.34,709.30 197.99,709.99 192.00,710.00
             192.00,710.00 139.00,710.00 139.00,710.00
             122.50,709.80 107.69,703.19 98.55,689.00
             94.83,683.22 88.41,664.52 85.58,657.00
             85.58,657.00 59.95,589.00 59.95,589.00
             59.95,589.00 27.58,503.00 27.58,503.00
             22.34,489.12 13.02,469.47 13.00,455.00
             13.00,455.00 13.00,175.00 13.00,175.00
             13.00,175.00 13.00,57.00 13.00,57.00
             13.04,32.87 28.50,16.29 52.00,12.11 Z" />
</svg>
