<?xml version="1.0" encoding="UTF-8" standalone="no"?>
<!DOCTYPE svg PUBLIC "-//W3C//DTD SVG 20010904//EN"
              "http://www.w3.org/TR/2001/REC-SVG-20010904/DTD/svg10.dtd">

<svg xmlns="http://www.w3.org/2000/svg"
     width="3.83333in" height="0.55in"
     viewBox="0 0 1150 165">
  <path id="Selection"
        fill="none" stroke="black" stroke-width="1"
        d="M 212.00,31.21
           C 212.00,31.21 257.00,31.21 257.00,31.21
             257.00,31.21 269.00,31.91 269.00,31.91
             278.84,32.59 287.21,32.73 294.90,40.18
             301.92,46.99 302.63,55.88 303.04,65.00
             303.04,65.00 304.00,78.00 304.00,78.00
             304.00,78.00 303.09,92.00 303.09,92.00
             302.37,102.47 302.22,112.62 293.70,120.32
             284.94,128.24 275.61,127.36 265.00,128.09
             265.00,128.09 253.00,129.00 253.00,129.00
             253.00,129.00 206.00,128.09 206.00,128.09
             197.51,127.47 188.72,126.79 182.04,120.79
             171.95,111.72 173.00,98.25 173.00,86.00
             173.00,86.00 173.00,66.00 173.00,66.00
             173.01,57.62 174.20,48.42 180.11,42.02
             189.60,31.70 199.70,33.17 212.00,31.21 Z
           M 358.00,31.21
           C 358.00,31.21 402.00,31.21 402.00,31.21
             402.00,31.21 414.00,31.91 414.00,31.91
             423.67,32.57 432.38,32.58 439.90,40.10
             445.69,45.90 447.17,53.19 448.11,61.00
             449.33,72.39 449.38,83.60 448.11,95.00
             447.07,105.23 446.31,113.52 437.98,120.79
             429.35,128.32 420.32,127.38 410.00,128.09
             410.00,128.09 398.00,129.00 398.00,129.00
             398.00,129.00 351.00,128.09 351.00,128.09
             342.51,127.47 333.72,126.79 327.04,120.79
             321.99,116.25 320.09,110.47 318.81,104.00
             317.58,97.85 318.00,90.37 318.00,84.00
             318.00,70.83 315.88,51.57 325.52,41.32
             334.40,31.89 346.65,33.04 358.00,31.21 Z
           M 818.00,31.21
           C 818.00,31.21 862.00,31.21 862.00,31.21
             862.00,31.21 874.00,31.91 874.00,31.91
             884.19,32.61 892.55,32.48 900.53,40.47
             905.80,45.74 907.24,52.86 908.05,60.00
             909.48,72.61 909.46,85.39 908.05,98.00
             907.12,106.30 905.88,114.08 899.33,119.96
             890.55,127.84 881.71,127.36 871.00,128.09
             871.00,128.09 859.00,129.00 859.00,129.00
             859.00,129.00 811.00,128.08 811.00,128.08
             802.71,127.42 793.52,126.73 787.09,120.79
             775.02,109.64 777.93,81.53 778.00,66.00
             778.04,57.59 779.95,47.27 786.10,41.10
             795.57,31.62 806.38,33.07 818.00,31.21 Z
           M 36.00,32.00
           C 36.00,32.00 125.00,32.00 125.00,32.00
             132.03,32.03 142.23,33.25 147.82,37.79
             156.30,44.68 157.75,64.66 150.94,72.88
             147.88,76.59 143.14,77.86 139.00,80.00
             144.60,80.47 150.75,81.64 154.61,86.11
             162.07,94.74 161.33,119.58 146.00,125.44
             136.71,128.99 118.39,128.00 108.00,128.00
             108.00,128.00 36.00,128.00 36.00,128.00
             36.00,128.00 36.00,32.00 36.00,32.00 Z
           M 465.00,32.00
           C 465.00,32.00 494.00,32.00 494.00,32.00
             494.00,32.00 494.00,68.00 494.00,68.00
             494.00,68.00 508.00,67.26 508.00,67.26
             508.00,67.26 532.00,46.91 532.00,46.91
             532.00,46.91 549.00,32.60 549.00,32.60
             549.00,32.60 556.00,32.00 556.00,32.00
             556.00,32.00 588.00,32.00 588.00,32.00
             588.00,32.00 573.00,46.05 573.00,46.05
             573.00,46.05 534.00,80.00 534.00,80.00
             534.00,80.00 564.28,103.71 564.28,103.71
             564.28,103.71 594.00,128.00 594.00,128.00
             594.00,128.00 559.00,128.00 559.00,128.00
             547.76,127.98 545.24,122.53 537.00,115.59
             537.00,115.59 518.00,99.72 518.00,99.72
             514.90,97.06 510.86,92.81 507.00,91.56
             504.43,90.73 497.07,91.00 494.00,91.00
             494.00,91.00 494.00,128.00 494.00,128.00
             494.00,128.00 465.00,128.00 465.00,128.00
             465.00,128.00 465.00,32.00 465.00,32.00 Z
           M 631.00,32.00
           C 631.00,32.00 669.00,32.00 669.00,32.00
             671.02,32.00 674.11,31.88 675.96,32.60
             680.22,34.24 688.96,46.87 692.21,51.00
             692.21,51.00 707.58,70.00 707.58,70.00
             707.58,70.00 735.00,104.00 735.00,104.00
             735.00,104.00 735.00,32.00 735.00,32.00
             735.00,32.00 762.00,32.00 762.00,32.00
             762.00,32.00 762.00,128.00 762.00,128.00
             762.00,128.00 723.00,128.00 723.00,128.00
             720.98,128.00 717.89,128.12 716.04,127.40
             711.78,125.76 703.04,113.13 699.79,109.00
             699.79,109.00 657.00,56.00 657.00,56.00
             657.00,56.00 658.00,114.00 658.00,114.00
             658.00,114.00 659.00,128.00 659.00,128.00
             659.00,128.00 631.00,128.00 631.00,128.00
             631.00,128.00 631.00,32.00 631.00,32.00 Z
           M 915.00,32.00
           C 915.00,32.00 937.00,32.00 937.00,32.00
             937.00,32.00 944.30,32.99 944.30,32.99
             944.30,32.99 952.00,51.00 952.00,51.00
             952.00,51.00 973.00,105.00 973.00,105.00
             973.00,105.00 997.00,32.00 997.00,32.00
             997.00,32.00 1033.00,32.00 1033.00,32.00
             1033.00,32.00 1045.17,70.00 1045.17,70.00
             1045.17,70.00 1057.00,105.00 1057.00,105.00
             1057.00,105.00 1079.68,46.00 1079.68,46.00
             1079.68,46.00 1085.00,32.00 1085.00,32.00
             1085.00,32.00 1115.00,32.00 1115.00,32.00
             1115.00,32.00 1104.42,58.00 1104.42,58.00
             1104.42,58.00 1084.60,106.00 1084.60,106.00
             1083.02,109.95 1077.47,125.14 1074.61,126.98
             1072.68,128.22 1069.26,128.00 1067.00,128.00
             1067.00,128.00 1044.00,128.00 1044.00,128.00
             1042.00,128.00 1038.34,128.26 1036.72,127.01
             1034.68,125.42 1032.31,115.01 1031.33,112.00
             1031.33,112.00 1021.66,81.00 1021.66,81.00
             1019.89,75.34 1016.49,65.45 1016.00,60.00
             1012.30,64.29 1008.36,78.95 1006.58,85.00
             1006.58,85.00 993.00,128.00 993.00,128.00
             993.00,128.00 962.00,128.00 962.00,128.00
             959.74,128.00 956.32,128.22 954.39,126.98
             951.60,125.18 945.83,109.05 944.20,105.00
             944.20,105.00 915.00,32.00 915.00,32.00 Z
           M 64.00,70.00
           C 64.00,70.00 114.00,70.00 114.00,70.00
             116.97,69.99 121.15,70.13 123.57,68.15
             126.58,65.68 128.21,56.49 119.98,53.94
             115.52,52.56 105.12,53.00 100.00,53.00
             100.00,53.00 64.00,53.00 64.00,53.00
             64.00,53.00 64.00,70.00 64.00,70.00 Z
           M 227.00,54.50
           C 220.85,55.17 211.22,54.38 206.53,58.65
             203.97,60.99 202.80,64.66 202.30,68.00
             201.12,75.94 200.72,96.19 207.11,101.58
             213.99,107.40 235.80,106.01 245.00,106.00
             250.66,105.99 265.69,105.17 269.78,101.57
             272.62,99.07 273.48,95.55 274.19,92.00
             275.72,84.37 276.18,64.29 270.44,58.56
             266.79,54.90 262.65,55.29 258.00,54.50
             250.03,53.73 235.00,53.54 227.00,54.50 Z
           M 372.00,54.50
           C 365.54,55.21 357.20,54.04 352.13,58.42
             345.73,63.95 346.19,83.09 347.44,91.00
             347.99,94.50 348.72,98.70 351.42,101.20
             354.68,104.23 358.84,104.67 363.00,105.27
             371.58,106.51 381.26,106.01 390.00,106.00
             395.70,105.99 410.64,105.18 414.79,101.57
             418.69,98.18 418.71,94.65 419.08,90.00
             419.77,81.56 421.77,64.42 414.89,58.28
             410.97,54.77 407.75,55.30 403.00,54.50
             395.03,53.73 380.00,53.54 372.00,54.50 Z
           M 833.00,54.28
           C 826.66,55.20 817.06,54.18 812.21,58.43
             805.53,64.28 806.32,83.79 807.76,92.00
             808.42,95.78 809.17,98.91 812.21,101.57
             815.16,104.16 819.27,104.64 823.00,105.25
             830.68,106.50 841.92,106.01 850.00,106.00
             855.70,105.99 870.64,105.18 874.79,101.57
             881.25,95.96 880.70,76.02 879.41,68.00
             878.84,64.45 878.32,61.06 875.61,58.42
             872.27,55.16 868.25,55.29 864.00,54.84
             854.39,53.80 842.63,53.39 833.00,54.28 Z
           M 64.00,107.00
           C 64.00,107.00 117.00,107.00 117.00,107.00
             122.75,106.93 129.21,106.08 129.77,98.99
             130.54,89.41 122.05,89.01 115.00,89.00
             115.00,89.00 64.00,89.00 64.00,89.00
             64.00,89.00 64.00,107.00 64.00,107.00 Z" />
</svg>
