<?xml version="1.0" encoding="UTF-8" standalone="no"?>
<!DOCTYPE svg PUBLIC "-//W3C//DTD SVG 20010904//EN"
              "http://www.w3.org/TR/2001/REC-SVG-20010904/DTD/svg10.dtd">

<svg xmlns="http://www.w3.org/2000/svg"
     width="6.4in" height="3.6in"
     viewBox="0 0 1920 1080">
  <path id="Selection"
        fill="none" stroke="black" stroke-width="1"
        d="M 872.00,498.46
           C 887.33,496.34 902.39,498.71 913.56,510.29
             932.72,530.14 928.05,567.82 903.00,580.63
             893.61,585.43 888.11,585.12 878.00,585.00
             843.79,584.59 827.69,544.17 844.47,517.00
             850.77,506.78 860.52,501.02 872.00,498.46 Z
           M 1425.00,512.00
           C 1422.85,513.52 1418.54,517.04 1416.00,517.18
             1412.40,517.39 1409.85,513.43 1404.00,510.95
             1395.30,507.26 1385.17,509.41 1378.00,515.33
             1356.81,532.82 1362.36,568.41 1391.00,573.54
             1396.61,574.54 1403.22,573.31 1408.00,570.15
             1410.52,568.48 1414.27,564.31 1417.00,564.02
             1420.82,563.62 1427.15,568.85 1425.12,572.96
             1423.45,576.35 1416.48,580.47 1413.00,581.91
             1401.79,586.54 1385.87,586.45 1375.00,580.87
             1353.55,569.85 1346.36,542.29 1356.32,521.00
             1361.70,509.51 1373.31,500.17 1386.00,498.15
             1386.00,498.15 1399.00,498.15 1399.00,498.15
             1408.85,498.12 1420.98,502.22 1425.00,512.00 Z
           M 83.00,500.00
           C 83.00,500.00 179.00,500.00 179.00,500.00
             179.00,500.00 179.00,520.00 179.00,520.00
             179.00,520.00 142.00,520.00 142.00,520.00
             142.00,520.00 142.00,583.00 142.00,583.00
             142.00,583.00 116.00,583.00 116.00,583.00
             116.00,583.00 116.00,520.00 116.00,520.00
             116.00,520.00 83.00,520.00 83.00,520.00
             83.00,520.00 83.00,500.00 83.00,500.00 Z
           M 187.00,500.00
           C 187.00,500.00 213.00,500.00 213.00,500.00
             213.00,500.00 213.00,583.00 213.00,583.00
             213.00,583.00 187.00,583.00 187.00,583.00
             187.00,583.00 187.00,500.00 187.00,500.00 Z
           M 221.00,500.00
           C 221.00,500.00 320.00,500.00 320.00,500.00
             320.00,500.00 320.00,520.00 320.00,520.00
             320.00,520.00 283.00,520.00 283.00,520.00
             283.00,520.00 283.00,583.00 283.00,583.00
             283.00,583.00 257.00,583.00 257.00,583.00
             257.00,583.00 257.00,520.00 257.00,520.00
             257.00,520.00 221.00,520.00 221.00,520.00
             221.00,520.00 221.00,500.00 221.00,500.00 Z
           M 328.00,500.00
           C 328.00,500.00 354.00,500.00 354.00,500.00
             354.00,500.00 354.00,583.00 354.00,583.00
             354.00,583.00 328.00,583.00 328.00,583.00
             328.00,583.00 328.00,500.00 328.00,500.00 Z
           M 369.00,500.00
           C 369.00,500.00 403.00,500.00 403.00,500.00
             403.00,500.00 409.71,500.57 409.71,500.57
             409.71,500.57 423.21,516.00 423.21,516.00
             423.21,516.00 459.00,561.00 459.00,561.00
             459.00,561.00 458.00,500.00 458.00,500.00
             458.00,500.00 482.00,500.00 482.00,500.00
             482.00,500.00 482.00,583.00 482.00,583.00
             482.00,583.00 449.00,583.00 449.00,583.00
             446.98,583.00 443.89,583.12 442.04,582.40
             437.97,580.84 431.17,570.78 428.21,567.00
             428.21,567.00 393.00,522.00 393.00,522.00
             394.98,537.05 394.00,566.48 394.00,583.00
             394.00,583.00 369.00,583.00 369.00,583.00
             369.00,583.00 369.00,500.00 369.00,500.00 Z
           M 513.00,500.00
           C 513.00,500.00 540.00,500.00 540.00,500.00
             547.32,500.00 553.40,499.45 559.99,503.48
             573.19,511.56 573.19,534.44 559.99,542.52
             551.65,547.62 534.93,546.00 525.00,546.00
             525.00,546.00 525.00,583.00 525.00,583.00
             525.00,583.00 513.00,583.00 513.00,583.00
             513.00,583.00 513.00,500.00 513.00,500.00 Z
           M 595.00,500.00
           C 595.00,500.00 650.00,500.00 650.00,500.00
             650.00,500.00 650.00,511.00 650.00,511.00
             650.00,511.00 607.00,511.00 607.00,511.00
             607.00,511.00 607.00,535.00 607.00,535.00
             607.00,535.00 647.00,535.00 647.00,535.00
             647.00,535.00 647.00,546.00 647.00,546.00
             647.00,546.00 607.00,546.00 607.00,546.00
             607.00,546.00 607.00,572.00 607.00,572.00
             607.00,572.00 652.00,572.00 652.00,572.00
             652.00,572.00 652.00,583.00 652.00,583.00
             652.00,583.00 595.00,583.00 595.00,583.00
             595.00,583.00 595.00,500.00 595.00,500.00 Z
           M 679.00,500.00
           C 679.00,500.00 710.00,500.00 710.00,500.00
             716.88,500.01 722.21,500.45 727.96,504.79
             739.98,513.86 739.96,541.24 716.00,545.00
             716.00,545.00 739.00,583.00 739.00,583.00
             735.08,583.00 726.49,583.83 723.53,581.40
             721.64,579.85 719.32,575.27 717.99,573.00
             717.99,573.00 708.15,556.00 708.15,556.00
             706.69,553.44 704.25,548.47 701.79,547.02
             699.41,545.62 693.86,546.00 691.00,546.00
             691.00,546.00 691.00,583.00 691.00,583.00
             691.00,583.00 679.00,583.00 679.00,583.00
             679.00,583.00 679.00,500.00 679.00,500.00 Z
           M 763.00,500.00
           C 763.00,500.00 816.00,500.00 816.00,500.00
             816.00,500.00 816.00,511.00 816.00,511.00
             816.00,511.00 775.00,511.00 775.00,511.00
             775.00,511.00 775.00,536.00 775.00,536.00
             775.00,536.00 813.00,536.00 813.00,536.00
             813.00,536.00 813.00,547.00 813.00,547.00
             813.00,547.00 775.00,547.00 775.00,547.00
             775.00,547.00 775.00,583.00 775.00,583.00
             775.00,583.00 763.00,583.00 763.00,583.00
             763.00,583.00 763.00,500.00 763.00,500.00 Z
           M 953.00,500.00
           C 953.00,500.00 984.00,500.00 984.00,500.00
             990.88,500.01 996.21,500.45 1001.96,504.79
             1013.98,513.86 1013.96,541.24 990.00,545.00
             990.00,545.00 1013.00,583.00 1013.00,583.00
             1009.08,583.00 1000.49,583.83 997.53,581.40
             995.64,579.85 993.32,575.27 991.99,573.00
             991.99,573.00 982.15,556.00 982.15,556.00
             980.69,553.44 978.25,548.47 975.79,547.02
             973.41,545.62 967.86,546.00 965.00,546.00
             965.00,546.00 965.00,583.00 965.00,583.00
             965.00,583.00 953.00,583.00 953.00,583.00
             953.00,583.00 953.00,500.00 953.00,500.00 Z
           M 1036.00,500.00
           C 1036.00,500.00 1046.00,500.00 1046.00,500.00
             1056.24,500.02 1054.62,500.68 1061.15,516.00
             1061.15,516.00 1080.00,561.00 1080.00,561.00
             1080.00,561.00 1098.99,516.00 1098.99,516.00
             1105.07,501.26 1103.83,500.06 1113.00,500.00
             1113.00,500.00 1124.00,500.00 1124.00,500.00
             1124.00,500.00 1124.00,583.00 1124.00,583.00
             1124.00,583.00 1111.00,583.00 1111.00,583.00
             1111.00,583.00 1111.00,542.00 1111.00,542.00
             1111.00,542.00 1110.00,519.00 1110.00,519.00
             1110.00,519.00 1103.80,536.00 1103.80,536.00
             1103.80,536.00 1085.00,583.00 1085.00,583.00
             1085.00,583.00 1075.00,583.00 1075.00,583.00
             1075.00,583.00 1065.60,559.00 1065.60,559.00
             1065.60,559.00 1049.00,519.00 1049.00,519.00
             1049.00,519.00 1049.00,583.00 1049.00,583.00
             1049.00,583.00 1036.00,583.00 1036.00,583.00
             1036.00,583.00 1036.00,500.00 1036.00,500.00 Z
           M 1146.00,584.00
           C 1146.00,584.00 1154.58,562.00 1154.58,562.00
             1154.58,562.00 1173.58,519.00 1173.58,519.00
             1173.58,519.00 1181.81,501.60 1181.81,501.60
             1181.81,501.60 1186.02,500.06 1186.02,500.06
             1186.02,500.06 1192.61,501.02 1192.61,501.02
             1192.61,501.02 1201.58,519.00 1201.58,519.00
             1201.58,519.00 1220.00,562.00 1220.00,562.00
             1220.00,562.00 1229.00,584.00 1229.00,584.00
             1225.47,584.00 1217.24,584.79 1214.70,582.40
             1211.55,579.45 1209.14,566.65 1204.78,564.02
             1202.89,562.89 1200.14,563.02 1198.00,563.00
             1198.00,563.00 1177.00,563.00 1177.00,563.00
             1174.70,563.00 1171.26,562.79 1169.27,564.02
             1164.98,566.69 1162.71,580.48 1159.30,583.01
             1157.24,584.54 1148.86,584.00 1146.00,584.00 Z
           M 1251.00,500.00
           C 1251.00,500.00 1259.00,500.00 1259.00,500.00
             1269.69,500.02 1267.43,500.96 1278.14,516.00
             1278.14,516.00 1312.00,566.00 1312.00,566.00
             1312.00,566.00 1312.00,500.00 1312.00,500.00
             1312.00,500.00 1324.00,500.00 1324.00,500.00
             1324.00,500.00 1324.00,583.00 1324.00,583.00
             1324.00,583.00 1316.00,583.00 1316.00,583.00
             1314.09,583.00 1310.91,583.12 1309.18,582.40
             1305.64,580.92 1299.10,569.65 1296.67,566.00
             1296.67,566.00 1263.00,516.00 1263.00,516.00
             1263.00,516.00 1263.00,583.00 1263.00,583.00
             1263.00,583.00 1251.00,583.00 1251.00,583.00
             1251.00,583.00 1251.00,500.00 1251.00,500.00 Z
           M 1452.00,500.00
           C 1452.00,500.00 1507.00,500.00 1507.00,500.00
             1507.00,500.00 1507.00,511.00 1507.00,511.00
             1507.00,511.00 1464.00,511.00 1464.00,511.00
             1464.00,511.00 1464.00,535.00 1464.00,535.00
             1464.00,535.00 1504.00,535.00 1504.00,535.00
             1504.00,535.00 1504.00,546.00 1504.00,546.00
             1504.00,546.00 1464.00,546.00 1464.00,546.00
             1464.00,546.00 1464.00,572.00 1464.00,572.00
             1464.00,572.00 1509.00,572.00 1509.00,572.00
             1509.00,572.00 1509.00,583.00 1509.00,583.00
             1509.00,583.00 1452.00,583.00 1452.00,583.00
             1452.00,583.00 1452.00,500.00 1452.00,500.00 Z
           M 878.00,509.29
           C 867.35,511.08 859.35,516.09 854.38,526.00
             844.38,545.93 856.40,573.01 880.00,573.96
             917.72,575.48 922.98,521.04 892.00,510.75
             886.87,509.04 883.33,508.79 878.00,509.29 Z
           M 525.00,536.00
           C 532.48,536.00 545.59,536.95 551.89,532.91
             558.44,528.72 558.46,517.28 551.89,513.09
             545.83,509.22 532.22,510.00 525.00,510.00
             525.00,510.00 525.00,536.00 525.00,536.00 Z
           M 691.00,536.00
           C 698.48,536.00 711.59,536.95 717.89,532.91
             724.44,528.72 724.46,517.28 717.89,513.09
             711.83,509.22 698.22,510.00 691.00,510.00
             691.00,510.00 691.00,536.00 691.00,536.00 Z
           M 965.00,536.00
           C 972.48,536.00 985.59,536.95 991.89,532.91
             998.44,528.72 998.46,517.28 991.89,513.09
             985.83,509.22 972.22,510.00 965.00,510.00
             965.00,510.00 965.00,536.00 965.00,536.00 Z
           M 1188.00,517.00
           C 1188.00,517.00 1181.72,529.00 1181.72,529.00
             1181.72,529.00 1172.00,553.00 1172.00,553.00
             1172.00,553.00 1202.00,553.00 1202.00,553.00
             1202.00,553.00 1188.00,517.00 1188.00,517.00 Z" />
</svg>
